epochs: 750 
a: 0.9999970033552821 
b: -4.5291552879546396e-05