epochs: 1500 
a: 0.550200532614388 
b: -7.526067052470779e-05